ResourceID,brocade.id,card,order,Acquisition Brocade ID,Acquisition Widget,Acquisition Identifier,Acquisition Number,Acquisition Number Type,source_field,source_code,Annotation,Annotation Language,Annotation Type,Archive Brocade ID,Archive Widget,Archive Identifier,Condition State Note,Condition State Notes Language,Condition State Notes Type,Dimension Value,Dimension Type,Dimension Measurement Unit,Dimension Source Note,Document status,Format Number,Format Unit Type,Format Number Type,dataset,adm.id_mat,adm.isadPartOf,adm.uuid_mat,Volgnummer,mpm_place_holder,Plaatsingsnummer,adm.acquiredVia,Warehouse Location (begin),Warehouse Location (end),Source Note Type,Source Note Language,Mark Note,Mark Type,Mark Language,Material,ire.isaar.uuid,ire.isaar.id,source role,Production Actor Role,Production Actor Note,Production Actor Widget,Production Actor Identifier,Product stadium,Production Technique Type,Keeper,Object Number,Object Number Type,Object Identifier,Object Identifier Type,Object Type,source_date,Restriction Type,dams_uuid,db,Image Manifest,Image Manifest Type,Image URL,Image URL Type,museum,model
47e4270f-dc08-5244-a207-86d6dd8a023a,tg:lhdc:4331_#1,AA,0,,,,,,,,,,,,,,,,,,,,,,,,,,,,,,,,,,,,,,,,,,,,,,,,,,Letterenhuis,tg:lhdc:4331_#1,record identifiers,https://data.letterenhuis.be/ark:/24970/47e4270f-dc08-5244-a207-86d6dd8a023a,object identifier,,,,,,,,,,,
47e4270f-dc08-5244-a207-86d6dd8a023a,tg:lhdc:4331_#1,e22_Archives,1,,,,,,,,,,,isad:lh:179640,"dlod={""name"":""1962"",""ark"":""ark:/24970/x0/991ae0dc-e9a5-52be-b2c3-edede4a65d38"",""uri"":""/repositories/11/archival_objects/19221483"",""id"":""isad:lh:179640"",""nameWithContext"":[""Televisie"",""Dramatische uitzendingen"",""Jaren 1960""],""resourceName"":""Archief van Belgische Radio en Televisie"",""resourceArk"":""ark:/24970/x0/3ae5a5f5-7f53-5550-816f-2149fd70e3b2"",""resourceURI"":""/repositories/11/resources/4674405"",""resourceID"":""isad:lh:43686"",""capacity"":""1962"",""isCapacity"":true,""orgID"":""lh"",""suggestType"":""archiveobject""}",ark:/24970/x0/991ae0dc-e9a5-52be-b2c3-edede4a65d38,,,,,,,,,,,,,,,,,,,,,,,,,,,,,,,,,,,,,,,,,,,,,,,,,,,,
47e4270f-dc08-5244-a207-86d6dd8a023a,tg:lhdc:4331_#1,e22_Items,1,,,,,,,,,,,,,,,,,,,,,,,,,lhdc,tg:lhdc:4331_#1,isad:lh:179640,47e4270f-dc08-5244-a207-86d6dd8a023a,R 134 / 3708,,,,,,,,,,,,,,,,,,,,,,,,,,,,,,,,,,,,
47e4270f-dc08-5244-a207-86d6dd8a023a,tg:lhdc:4331_#1,e22_ObjectTypes,1,,,,,,kenmerken.lhtypedc,dcbr,,,,,,,,,,,,,,,,,,,,,,,,,,,,,,,,,,,,,,,,,,,,,,,,scripts (documents),,,,,,,,,,
47e4270f-dc08-5244-a207-86d6dd8a023a,tg:lhdc:4331_#1,e22_ProductionActors,1,,,,,,,,,,,,,,,,,,,,,,,,,,,,,,,,,,,,,,,,,34ec6c01-5c25-5f39-8e7d-c09d91111453,au::1458,ui,publishers,,,,,,,,,,,,,,,,,,,,,
47e4270f-dc08-5244-a207-86d6dd8a023a,tg:lhdc:4331_#1,e22_UsageRestrictions,,,,,,,id/date,,,,,,,,,,,,,,,,,,,,,,,,,,,,,,,,,,,,,,,,,,,,,,,,,,1962.0,permission required,,,,,,,,
